0,469
0,468
0,467
0,466
0,465
0,464
0,386
68,5
68,4
68,3
68,2
68,1
68,0
67,3
67,2
67,1
67,0
66,5
66,4
66,3
66,2
66,1
66,0
65,4
65,3
65,2
65,1
65,0
64,4
64,3
64,2
64,1
64,0
63,4
63,3
63,2
63,1
63,0
62,4
62,3
62,2
62,1
62,0
61,3
61,2
61,1
61,0
0,278
0,9
3,1
3,3
10,189
10,287
10,159
10,15
10,195
10,201
10,259
10,137
11,10
11,16
11,20
11,6
11,17
9,5
9,7
8,7
8,15
8,16
8,8
8,14
8,2
8,3
12,2
12,1
12,3
20,2
20,1
20,3
19,2
19,1
19,3
18,1
18,3
14,1
14,3
13,1
13,3
59,5
59,4
59,3
59,2
59,1
59,0
57,5
57,4
57,3
57,2
57,1
57,0
56,4
56,3
56,2
56,1
56,0
